Local Decay Time Computation of Impact File project1.69.mpc
11/29/2022 5:44:32 PM 
(File can be deleted, is only intended for user information)

Seat    100    125    160    200    250    315    400    500    630    800   1000   1250   1600   2000   2500   3150   4000   5000   6300   8000  10000
1      1.34   1.34   1.31   1.26   1.20   1.12   1.03   0.93   0.87   0.80   0.71   0.70   0.69   0.68   0.72   0.76   0.78   0.75   0.70   0.62   0.53
2      0.00   0.00   0.00   0.00   0.00   0.00   0.00   0.00   0.00   0.00   0.00   0.00   0.00   0.00   0.00   0.00   0.00   0.00   0.00   0.00   0.00
2*     0.00   0.00   0.00   0.00   0.00   0.00   0.00   0.00   0.00   0.00   0.00   0.00   0.00   0.00   0.00   0.00   0.00   0.00   0.00   0.00   0.00
3      0.00   0.00   0.00   0.00   0.00   0.00   0.00   0.00   0.00   0.00   0.00   0.00   0.00   0.00   0.00   0.00   0.00   0.00   0.00   0.00   0.00
4      0.00   0.00   0.00   0.00   0.00   0.00   0.00   0.00   0.00   0.00   0.00   0.00   0.00   0.00   0.00   0.00   0.00   0.00   0.00   0.00   0.00
